{
  "head_gradient_importance": {
    "L0H8": 0.10157970665022731,
    "L0H7": 0.08711366918869316,
    "L0H6": 0.0809765912592411,
    "L0H10": 0.07888369818683713,
    "L0H9": 0.07316503315232695,
    "L0H4": 0.07251930506899953,
    "L0H2": 0.06736630203668029,
    "L0H11": 0.06521367530804127,
    "L0H0": 0.06438420640770345,
    "L0H3": 0.06364504701923579,
    "L9H7": 0.06139791319146752,
    "L2H1": 0.060588192823342976,
    "L7H1": 0.06050798133946955,
    "L0H1": 0.05662882442120463,
    "L3H5": 0.054112980025820434,
    "L3H4": 0.05349426786415279,
    "L10H9": 0.05175630114972592,
    "L0H5": 0.04949208989273757,
    "L1H7": 0.04916184067260474,
    "L5H11": 0.047420023917220534,
    "L7H6": 0.04700834301766008,
    "L3H0": 0.04566073503810912,
    "L6H6": 0.04537972901016474,
    "L4H4": 0.04521037763915956,
    "L8H11": 0.04413914093747735,
    "L5H9": 0.043517743912525476,
    "L7H5": 0.04333968255668878,
    "L1H5": 0.04303790460107848,
    "L3H10": 0.04192866983357817,
    "L5H10": 0.04138395800255239,
    "L9H5": 0.03873060690239072,
    "L6H0": 0.03852391268592328,
    "L4H8": 0.03832784451078623,
    "L4H10": 0.03731924963649362,
    "L6H4": 0.036448183073662224,
    "L6H2": 0.0364132454385981,
    "L4H3": 0.03603102941997349,
    "L1H11": 0.035878514987416565,
    "L1H6": 0.03529152560513467,
    "L7H3": 0.034552485961467025,
    "L6H7": 0.03442520312964916,
    "L2H10": 0.03441870440728963,
    "L6H10": 0.03400331370066852,
    "L6H5": 0.03393524342682212,
    "L8H9": 0.03334849111270159,
    "L11H1": 0.03274545017629862,
    "L1H8": 0.03256022443529218,
    "L4H6": 0.031284795189276335,
    "L6H3": 0.031134370737709104,
    "L1H9": 0.03092460611369461,
    "L2H4": 0.03081536655081436,
    "L4H2": 0.030685383710078895,
    "L8H10": 0.030486615281552075,
    "L2H11": 0.030335279321298002,
    "L11H7": 0.03022256726399064,
    "L7H7": 0.0299056104850024,
    "L2H6": 0.029477911384310572,
    "L8H5": 0.029319734615273773,
    "L1H1": 0.02914188471622765,
    "L8H2": 0.028607767168432476,
    "L5H8": 0.028226919053122402,
    "L1H0": 0.02757172266719863,
    "L3H6": 0.02754681872902438,
    "L2H7": 0.027497678296640515,
    "L7H9": 0.02737454012967646,
    "L2H9": 0.02735942304134369,
    "L11H8": 0.02726357851643115,
    "L5H5": 0.027254073857329787,
    "L5H0": 0.02709942392539233,
    "L3H1": 0.027094764239154755,
    "L1H4": 0.026938310323748736,
    "L3H9": 0.026909946801606566,
    "L4H9": 0.026817256561480464,
    "L3H8": 0.026706130208913235,
    "L2H8": 0.02643997180275619,
    "L9H4": 0.02634991311933845,
    "L1H10": 0.02601973796263337,
    "L2H5": 0.0259026694460772,
    "L1H3": 0.02539488796610385,
    "L2H0": 0.025139413005672396,
    "L8H3": 0.024909646972082554,
    "L2H3": 0.024875995400361717,
    "L5H2": 0.024596853321418165,
    "L3H3": 0.02446445367531851,
    "L4H7": 0.024413334857672452,
    "L7H11": 0.024371329881250858,
    "L5H7": 0.024207842908799647,
    "L2H2": 0.02412108436692506,
    "L3H7": 0.024041012255474926,
    "L7H4": 0.023975137760862707,
    "L3H11": 0.023810509731993078,
    "L7H2": 0.02367621681187302,
    "L5H3": 0.023518558486830442,
    "L5H4": 0.02342875120230019,
    "L3H2": 0.02325164295034483,
    "L8H0": 0.02291135904379189,
    "L5H1": 0.022804219170939177,
    "L10H8": 0.022751462343148888,
    "L9H2": 0.021883275324944405,
    "L8H1": 0.02177130349446088,
    "L6H11": 0.021688623586669564,
    "L4H5": 0.02164795473217964,
    "L10H5": 0.02121709773782641,
    "L1H2": 0.021103908913210033,
    "L8H8": 0.021030347398482262,
    "L4H1": 0.020998733409214765,
    "L6H9": 0.02094569548498839,
    "L5H6": 0.02013935181312263,
    "L8H6": 0.02006940294522792,
    "L6H1": 0.02000325859989971,
    "L4H0": 0.019217053311876953,
    "L7H8": 0.018913679535035043,
    "L8H7": 0.018901277671102435,
    "L4H11": 0.01817591724684462,
    "L9H3": 0.017997499310877175,
    "L8H4": 0.017979401105549186,
    "L7H0": 0.017700109060388058,
    "L6H8": 0.017574536614120007,
    "L9H8": 0.016638190194498748,
    "L7H10": 0.015735798934474587,
    "L9H1": 0.015358127339277416,
    "L9H11": 0.012851140147540718,
    "L9H0": 0.012788104231003673,
    "L9H10": 0.012659396685194224,
    "L10H4": 0.01084088096395135,
    "L9H6": 0.010733690718188882,
    "L11H0": 0.010559390182606876,
    "L9H9": 0.010441264323890209,
    "L10H7": 0.009757406444987283,
    "L10H0": 0.009415880532469601,
    "L11H3": 0.008873816824052482,
    "L10H2": 0.008691756130428985,
    "L11H4": 0.008655220223590731,
    "L10H6": 0.008635759144090116,
    "L10H10": 0.008078730432316661,
    "L10H3": 0.008015993394656107,
    "L11H2": 0.007809221063507721,
    "L11H9": 0.007745121035259217,
    "L11H5": 0.00733754753600806,
    "L10H11": 0.007040528627112508,
    "L11H6": 0.006789448257768527,
    "L11H11": 0.0065670482232235376,
    "L10H1": 0.006379239505622536,
    "L11H10": 0.006172983255237341
  },
  "top_20_bias_heads": [
    {
      "layer": 0,
      "head": 8,
      "grad": 0.10157970665022731
    },
    {
      "layer": 0,
      "head": 7,
      "grad": 0.08711366918869316
    },
    {
      "layer": 0,
      "head": 6,
      "grad": 0.0809765912592411
    },
    {
      "layer": 0,
      "head": 10,
      "grad": 0.07888369818683713
    },
    {
      "layer": 0,
      "head": 9,
      "grad": 0.07316503315232695
    },
    {
      "layer": 0,
      "head": 4,
      "grad": 0.07251930506899953
    },
    {
      "layer": 0,
      "head": 2,
      "grad": 0.06736630203668029
    },
    {
      "layer": 0,
      "head": 11,
      "grad": 0.06521367530804127
    },
    {
      "layer": 0,
      "head": 0,
      "grad": 0.06438420640770345
    },
    {
      "layer": 0,
      "head": 3,
      "grad": 0.06364504701923579
    },
    {
      "layer": 9,
      "head": 7,
      "grad": 0.06139791319146752
    },
    {
      "layer": 2,
      "head": 1,
      "grad": 0.060588192823342976
    },
    {
      "layer": 7,
      "head": 1,
      "grad": 0.06050798133946955
    },
    {
      "layer": 0,
      "head": 1,
      "grad": 0.05662882442120463
    },
    {
      "layer": 3,
      "head": 5,
      "grad": 0.054112980025820434
    },
    {
      "layer": 3,
      "head": 4,
      "grad": 0.05349426786415279
    },
    {
      "layer": 10,
      "head": 9,
      "grad": 0.05175630114972592
    },
    {
      "layer": 0,
      "head": 5,
      "grad": 0.04949208989273757
    },
    {
      "layer": 1,
      "head": 7,
      "grad": 0.04916184067260474
    },
    {
      "layer": 5,
      "head": 11,
      "grad": 0.047420023917220534
    }
  ],
  "attention_patterns": {
    "prompt": "The nurse said that",
    "tokens": [
      "<|endoftext|>",
      "The",
      " nurse",
      " said",
      " that"
    ],
    "patterns": {
      "L10H9": [
        [
          1.0,
          0.0,
          0.0,
          0.0,
          0.0
        ],
        [
          0.9720583558082581,
          0.027941586449742317,
          0.0,
          0.0,
          0.0
        ],
        [
          0.7751177549362183,
          0.17675094306468964,
          0.04813137650489807,
          0.0,
          0.0
        ],
        [
          0.6632988452911377,
          0.04080945998430252,
          0.11388669162988663,
          0.18200504779815674,
          0.0
        ],
        [
          0.6276630163192749,
          0.037485603243112564,
          0.11585687100887299,
          0.13130369782447815,
          0.08769077062606812
        ]
      ],
      "L0H8": [
        [
          1.0,
          0.0,
          0.0,
          0.0,
          0.0
        ],
        [
          0.799264132976532,
          0.20073583722114563,
          0.0,
          0.0,
          0.0
        ],
        [
          0.6330617666244507,
          0.21416033804416656,
          0.15277785062789917,
          0.0,
          0.0
        ],
        [
          0.5800976157188416,
          0.28072860836982727,
          0.031488507986068726,
          0.10768533498048782,
          0.0
        ],
        [
          0.19553175568580627,
          0.22381189465522766,
          0.031917791813611984,
          0.12692095339298248,
          0.4218176305294037
        ]
      ],
      "L5H9": [
        [
          1.0,
          0.0,
          0.0,
          0.0,
          0.0
        ],
        [
          0.9809226393699646,
          0.019077369943261147,
          0.0,
          0.0,
          0.0
        ],
        [
          0.9624055624008179,
          0.029342319816350937,
          0.008252075873315334,
          0.0,
          0.0
        ],
        [
          0.928625226020813,
          0.023219559341669083,
          0.03337031230330467,
          0.014784847386181355,
          0.0
        ],
        [
          0.9361741542816162,
          0.017830627039074898,
          0.02102801576256752,
          0.012932466343045235,
          0.012034764513373375
        ]
      ],
      "L11H0": [
        [
          1.0,
          0.0,
          0.0,
          0.0,
          0.0
        ],
        [
          0.3789210915565491,
          0.6210788488388062,
          0.0,
          0.0,
          0.0
        ],
        [
          0.42532581090927124,
          0.27660176157951355,
          0.29807248711586,
          0.0,
          0.0
        ],
        [
          0.14593452215194702,
          0.3278907239437103,
          0.236038476228714,
          0.29013633728027344,
          0.0
        ],
        [
          0.14660456776618958,
          0.28428715467453003,
          0.15430934727191925,
          0.1777292639017105,
          0.23706963658332825
        ]
      ],
      "L1H8": [
        [
          1.0,
          0.0,
          0.0,
          0.0,
          0.0
        ],
        [
          0.8793492317199707,
          0.12065085023641586,
          0.0,
          0.0,
          0.0
        ],
        [
          0.7617608308792114,
          0.1319885551929474,
          0.10625056177377701,
          0.0,
          0.0
        ],
        [
          0.7371063828468323,
          0.14382390677928925,
          0.04828397557139397,
          0.07078573107719421,
          0.0
        ],
        [
          0.6432644724845886,
          0.14348968863487244,
          0.04416430741548538,
          0.07776767015457153,
          0.09131386876106262
        ]
      ]
    }
  },
  "cosine_similarity": {
    "heads": [
      "L0H8",
      "L0H7",
      "L0H6",
      "L0H10",
      "L0H9",
      "L0H4",
      "L0H2",
      "L0H11",
      "L0H0",
      "L0H3",
      "L9H7",
      "L2H1",
      "L7H1",
      "L0H1",
      "L3H5"
    ],
    "matrix": [
      [
        1.0,
        0.17498910427093506,
        0.043749019503593445,
        -0.19400908052921295,
        -0.0822528600692749,
        0.09286756068468094,
        0.1636751890182495,
        0.1175006553530693,
        -0.03497985005378723,
        0.18066611886024475,
        0.015830308198928833,
        -0.07124816626310349,
        0.01795070245862007,
        0.0657595843076706,
        -0.03348398953676224
      ],
      [
        0.17498910427093506,
        0.9999998807907104,
        -0.07663583755493164,
        0.20712946355342865,
        -0.13448745012283325,
        -0.003870368003845215,
        -0.1382514387369156,
        0.005955159664154053,
        -0.20628908276557922,
        0.14739419519901276,
        -0.08530914783477783,
        0.0028750980272889137,
        -0.025114715099334717,
        -0.06857378780841827,
        0.1306023895740509
      ],
      [
        0.043749019503593445,
        -0.07663583755493164,
        1.0,
        -0.07764260470867157,
        0.14845044910907745,
        -0.07494252920150757,
        0.08022265881299973,
        0.003127230331301689,
        0.318493127822876,
        -0.05526386573910713,
        0.1575372815132141,
        -0.18019062280654907,
        0.19407883286476135,
        -0.2420341968536377,
        0.1284976750612259
      ],
      [
        -0.19400908052921295,
        0.20712946355342865,
        -0.07764260470867157,
        1.0000001192092896,
        0.06549789756536484,
        0.05665366351604462,
        -0.29502201080322266,
        -0.054137226194143295,
        -0.05762036144733429,
        0.11155066639184952,
        0.15643204748630524,
        -0.023233789950609207,
        -0.07571761310100555,
        -0.06049497798085213,
        -0.021019622683525085
      ],
      [
        -0.0822528600692749,
        -0.13448745012283325,
        0.14845044910907745,
        0.06549789756536484,
        0.9999998211860657,
        0.025767147541046143,
        0.08504579961299896,
        -0.16646409034729004,
        0.05543704703450203,
        0.1060631275177002,
        -0.13186775147914886,
        -0.0536823570728302,
        0.0754624605178833,
        -0.23069466650485992,
        -0.18042084574699402
      ],
      [
        0.09286756068468094,
        -0.003870368003845215,
        -0.07494252920150757,
        0.05665366351604462,
        0.025767147541046143,
        0.9999998211860657,
        0.12714901566505432,
        -0.11121121048927307,
        -0.1637735515832901,
        -0.09754808247089386,
        -0.025754928588867188,
        -0.04125726968050003,
        -0.0965772345662117,
        -0.05438333749771118,
        0.09456287324428558
      ],
      [
        0.1636751890182495,
        -0.1382514387369156,
        0.08022265881299973,
        -0.29502201080322266,
        0.08504579961299896,
        0.12714901566505432,
        0.9999998807907104,
        -0.15418431162834167,
        -0.08517804741859436,
        -0.0392562672495842,
        -0.13718917965888977,
        0.12332344800233841,
        0.1163497045636177,
        0.006894407793879509,
        -0.16517025232315063
      ],
      [
        0.1175006553530693,
        0.005955159664154053,
        0.003127230331301689,
        -0.054137226194143295,
        -0.16646409034729004,
        -0.11121121048927307,
        -0.15418431162834167,
        1.0,
        0.0770222544670105,
        0.001754462718963623,
        -0.23343731462955475,
        0.10257123410701752,
        0.1427663266658783,
        0.02862129732966423,
        -0.045572832226753235
      ],
      [
        -0.03497985005378723,
        -0.20628908276557922,
        0.318493127822876,
        -0.05762036144733429,
        0.05543704703450203,
        -0.1637735515832901,
        -0.08517804741859436,
        0.0770222544670105,
        1.0000001192092896,
        0.22887469828128815,
        0.058670468628406525,
        0.05524711683392525,
        -0.02859417535364628,
        -0.004272149875760078,
        -0.03389697149395943
      ],
      [
        0.18066611886024475,
        0.14739419519901276,
        -0.05526386573910713,
        0.11155066639184952,
        0.1060631275177002,
        -0.09754808247089386,
        -0.0392562672495842,
        0.001754462718963623,
        0.22887469828128815,
        1.0,
        0.1068744957447052,
        0.10140769928693771,
        -0.03912412002682686,
        -0.04175741598010063,
        0.009058927185833454
      ],
      [
        0.015830308198928833,
        -0.08530914783477783,
        0.1575372815132141,
        0.15643204748630524,
        -0.13186775147914886,
        -0.025754928588867188,
        -0.13718917965888977,
        -0.23343731462955475,
        0.058670468628406525,
        0.1068744957447052,
        1.0,
        0.05198081582784653,
        -0.1191827654838562,
        -0.002154397778213024,
        0.27483123540878296
      ],
      [
        -0.07124816626310349,
        0.0028750980272889137,
        -0.18019062280654907,
        -0.023233789950609207,
        -0.0536823570728302,
        -0.04125726968050003,
        0.12332344800233841,
        0.10257123410701752,
        0.05524711683392525,
        0.10140769928693771,
        0.05198081582784653,
        0.9999999403953552,
        0.08771152794361115,
        -0.0067300815135240555,
        -0.1163104772567749
      ],
      [
        0.01795070245862007,
        -0.025114715099334717,
        0.19407883286476135,
        -0.07571761310100555,
        0.0754624605178833,
        -0.0965772345662117,
        0.1163497045636177,
        0.1427663266658783,
        -0.02859417535364628,
        -0.03912412002682686,
        -0.1191827654838562,
        0.08771152794361115,
        1.0000001192092896,
        0.04109402745962143,
        -0.03546660393476486
      ],
      [
        0.0657595843076706,
        -0.06857378780841827,
        -0.2420341968536377,
        -0.06049497798085213,
        -0.23069466650485992,
        -0.05438333749771118,
        0.006894407793879509,
        0.02862129732966423,
        -0.004272149875760078,
        -0.04175741598010063,
        -0.002154397778213024,
        -0.0067300815135240555,
        0.04109402745962143,
        0.9999999403953552,
        0.04260474443435669
      ],
      [
        -0.03348398953676224,
        0.1306023895740509,
        0.1284976750612259,
        -0.021019622683525085,
        -0.18042084574699402,
        0.09456287324428558,
        -0.16517025232315063,
        -0.045572832226753235,
        -0.03389697149395943,
        0.009058927185833454,
        0.27483123540878296,
        -0.1163104772567749,
        -0.03546660393476486,
        0.04260474443435669,
        0.9999999403953552
      ]
    ]
  }
}